7270 120.66293096542358 290
860 123.94426393508911 145
5390 127.27484226226807 50
5191 119.92223310470581 389
5734 136.8481729030609 560
6265 157.1427822113037 421
466 159.40861177444458 458
4426 103.34527730941772 578
5578 125.96459579467773 411
8322 125.78317308425903 693
1685 110.59548592567444 271
769 123.14308404922485 324
6949 130.33960604667664 0
2433 74.05610084533691 504
5311 138.66835522651672 510
5051 113.19420528411865 448
6420 109.41835808753967 433
1184 89.42873406410217 403
4555 120.75142192840576 291
3385 135.78295183181763 337
6396 141.04728436470032 588
8666 137.99595284461975 299
9274 137.8598039150238 267
2558 139.43581318855286 79
7849 85.0728349685669 469
2047 82.41834902763367 694
2747 130.71933817863464 0
9167 130.7904667854309 0
9998 145.2754271030426 295
189 87.99856114387512 484
2734 135.07977414131165 268
3005 104.39321327209473 457
4658 125.19237089157104 364
1899 116.38515305519104 585
7734 218.5556240081787 168
1267 198.23412895202637 287