7270 313.8037476539612 165
860 211.86473989486694 35
5390 201.1191918849945 0
5191 283.6666114330292 312
5734 207.78642439842224 425
6265 1681.6511216163635 183
466 215.36624193191528 231
4426 199.01056456565857 358
5578 223.8936743736267 275
8322 151.42354202270508 508
1685 297.6322343349457 68
769 878.9974327087402 81
6949 162.59392762184143 0
2433 163.1012303829193 450
5311 397.4264671802521 242
5051 160.38066482543945 251
6420 238.37395668029785 347
1184 390.3470284938812 283
4555 211.54882907867432 176
3385 786.949521780014 126
6396 299.07138180732727 296
8666 235.8060314655304 212
