7270 789.9765810966492 132
860 261.12310767173767 49
5390 234.61059832572937 0
5191 3318.9662795066833 119
5734 4189.043168067932 261
6265 2439.549066066742 66
466 1375.4260931015015 77
4426 3288.9136126041412 211
5578 2038.4789214134216 75
8322 6872.01128578186 247
1685 1115.4989066123962 59
769 2095.4597561359406 77
6949 263.0720384120941 0
2433 1145.4012455940247 298
5311 4181.576090097427 112
5051 1632.5553886890411 78
6420 2952.106321334839 159
1184 1116.6498544216156 185
4555 1711.935329914093 96