7270 194.42375230789185 290
860 188.17386436462402 145
5390 184.23885488510132 50
5191 181.25432920455933 389
5734 216.45758318901062 560
6265 218.79132413864136 421
466 227.39955711364746 458
4426 154.30091071128845 578
5578 187.8689866065979 411
8322 175.61904573440552 693
1685 169.2395486831665 271
769 188.7247142791748 324
6949 183.1009578704834 0
2433 139.4837670326233 504
5311 272.8984844684601 510
5051 193.87304759025574 448
6420 199.04212594032288 433
1184 134.38744473457336 403
4555 224.78402853012085 291
3385 206.11121821403503 337
6396 210.244384765625 588
8666 216.9566252231598 299
9274 206.32691645622253 267
2558 254.28969764709473 79
7849 135.3775417804718 469
2047 129.11045956611633 694
2747 189.80345106124878 0
9167 190.64606380462646 0
9998 277.4124610424042 295
189 170.95856642723083 484
2734 261.9918384552002 268
3005 144.40116667747498 457
4658 162.13617753982544 364
1899 161.5904667377472 585
7734 259.9176924228668 168
1267 230.77051758766174 287
1528 203.95491981506348 358
3556 232.83675909042358 395
3890 221.16103553771973 134
8838 191.7416853904724 0
5393 284.6690020561218 374
8792 145.66678953170776 385
8433 248.17279863357544 184
7513 230.89748454093933 325
2612 188.61711764335632 221
7041 210.49065518379211 117
9555 182.85019731521606 201
6235 270.50726771354675 389
5486 173.9816553592682 254
7099 213.51022267341614 288
9670 225.5904185771942 362
775 157.7537808418274 363
8226 248.21953511238098 149
3152 213.8596694469452 411
1585 228.21604251861572 5
3943 153.74479460716248 446
7555 205.48820233345032 172
3073 147.69309663772583 429
1021 214.4352571964264 215
3843 243.90502452850342 426
7989 206.55769968032837 108
9692 249.34329748153687 657
6873 207.99145126342773 127
5675 183.7556381225586 553
161 205.07660603523254 177
4297 170.55173683166504 431
995 196.8794412612915 18
7629 229.29977130889893 335
9467 192.03418588638306 277
1016 192.10859370231628 163
7869 189.9626648426056 208
6439 206.00268530845642 9
7892 204.36967849731445 207
6863 217.07117629051208 97
7916 230.08286809921265 442
8529 222.47975158691406 248
878 184.7360281944275 330
9268 125.8463613986969 570
4887 180.72603130340576 206
4859 214.55399751663208 452
6331 194.08916521072388 183
